7915
1397
3050
7125
865
1380
5101
1683
8354
3423
4537
6446
6986
4422
496
3235
1744
5829
7031
4635
8036
1925
7028
866
276
111
5409
6070
258
4130
5119
1451
6789
625
2916
8271
5469
714
114
6169
6164
1906
6183
816
4343
2009
5125
7243
1773
5481
2724
1672
1582
6074
7726
7265
2357
6308
2409
79
5208
6180
8029
2404
5853
362
5825
6122
2007
2167
6721
2904
4119
6009
5540
938
2441
3426
5596
1753
8316
6337
218
4221
5288
448
8238
1262
4528
2118
6964
9
3332
6239
3524
4715
2764
5789
4161
3381
3859
8420
2787
7034
4787
5710
1657
6857
7427
3312
6186
5433
8023
7544
8288
7230
4655
1839
2190
5200
8482
2985
7676
5463
6362
2074
4507
4992
6252
2929
5453
3597
4266
7991
2377
6927
8436
4125
1269
7087
169
946
3273
5590
7574
4245
7764
6808
3938
160
7653
3679
5186
2299
3162
4146
6654
1466
883
6849
2833
3215
7225
4753
4315
6683
32
3218
2479
6832
6617
3034
279
1469
580
15
5004
1915
145
1677
2055
4120
4237
630
6359
5941
5334
6170
3870
5811
4548
7037
293
6230
6099
4768
1119
1343
7748
5531
8075
1889
7884
4566
7728
3581
6342
4750
8317
1136
533
8272
3816
6204
6928
2063
4862
3090
1080
7334
6551
7080
3443
7597
6081
7413
6248
5651
823
1884
371
969
4272
4560
6453
8173
1985
8077
2603
6361
2491
4797
8506
5402
8307
4573
8518
1525
7519
3375
1255
3079
4421
3178
2951
4701
6134
2527
8203
6562
3314
5979
7575
970
1047
4646
284
5543
6043
6001
5302
755
8528
1135
4849
3914
7482
4866
8327
5413
3940
7124
1542
4698
6777
4555
787
7083
8044
1777
3727
5474
4909
2305
6615
5884
749
8178
652
7208
74
8437
3831
1228
6933
16
2059
692
4610
3057
579
1518
3719
3116
8192
6602
6341
3713
1016
7746
3715
819
5412
5341
1711
8390
2519
1285
4006
1589
4744
3397
3136
1159
6138
4411
5319
5784
4616
5553
1769
828
2612
530
8189
3805
3389
252
6041
8340
1030
7481
341
7115
2509
8311
4638
7218
5911
1549
4414
3160
5917
3244
6459
4543
1283
4564
7972
4041
3763
3943
325
903
930
7830
5360
1864
8377
3568
4402
1938
6643
7236
1706
474
6161
1346
3605
2893
3613
7348
3046
5823
6325
6907
6555
2738
7331
7548
4954
5291
5040
4109
650
8042
1583
12
860
829
423
7621
1922
5555
5262
6005
8020
4460
8431
7175
6557
1341
1686
7011
7988
2276
8069
5585
6200
6701
6638
2012
5152
6783
5440
1470
8152
6941
3952
2044
2746
8162
8097
8274
7044
2497
4859
2082
4623
1961
215
3193
5686
274
1226
3717
7197
5239
7799
2229
1935
1703
5702
1659
3378
3692
7180
5019
8498
6916
2579
1687
3257
4267
7462
2910
2562
2508
2212
4835
6886
3879
2026
939
3797
7900
4118
5177
1280
5592
353
3170
4820
6485
2813
4922
8065
4193
6969
863
2511
6473
1480
3548
96
6026
5153
2481
8360
5171
4166
2566
3987
3510
6445
1905
8342
6295
6576
4619
7924
6860
5660
5021
7024
6606
5598
3327
4256
7324
3165
6800
7217
2033
4989
1543
121
2640
3509
5410
691
1824
5727
4527
8061
7299
896
8310
6444
7176
3709
3835
6708
7328
1779
4513
5763
5073
1273
4173
2593
3102
8269
3128
6255
7186
743
4545
802
3534
3445
5711
1992
4702
5088
1972
4156
3538
1149
727
3060
4884
8114
6210
8421
6462
3823
781
5471
4368
977
4530
2248
4065
334
8422
2244
7295
1979
2022
3585
1474
6344
5304
1034
5865
1142
7415
4171
6201
4867
7990
6125
6582
7860
4015
2581
2577
5039
1066
6085
4056
5126
8180
478
3737
7736
2560
186
5130
1031
8483
6035
7769
4628
1920
1055
634
2064
5678
2542
8478
328
2257
535
1183
6909
3444
7352
5127
422
5894
2686
7472
89
3744
7098
2032
8240
750
6979
5751
914
5642
1719
4492
4231
1870
6063
8181
8297
5491
831
7651
4215
7161
5964
8337
429
4549
2383
1223
7824
722
4613
3048
3969
4999
7076
5382
7887
2790
6757
8028
4496
6389
6869
2097
1092
4914
166
4675
5068
3851
5017
5067
1899
2736
117
3673
6157
347
1344
799
3368
5331
394
5411
8290
6421
4958
3664
4486
936
3220
6141
2641
5050
8332
1495
5627
1722
3488
81
7274
5100
112
1330
2997
2702
697
6165
5447
3213
1198
4871
8505
1977
5939
908
7929
7268
8096
6225
7767
2238
2545
3229
3956
7970
5907
6715
1334
4143
2154
5230
181
8439
8457
449
7642
4597
7701
8083
6483
7565
6492
8330
4046
2852
6096
7806
5886
2899
1962
3284
357
6152
8375
5431
1708
897
3458
7569
1440
1785
1643
7287
6110
1303
1186
1386
2214
4153
4995
7955
3320
2715
1842
8304
1089
7473
6251
7857
1759
2944
6891
3307
3913
7430
3555
8166
6920
5695
4354
943
5256
6536
314
601
880
2283
4553
5776
313
5845
6198
2180
1127
616
8490
5423
3364
5857
2783
2397
2418
2401
2630
1247
5777
7608
3827
6460
126
4595
4731
2907
6550
6539
6785
5214
3535
3297
4121
3403
7756
2708
2361
662
7148
1688
3156
4431
3817
6838
6893
5924
520
8347
3290
598
3240
8313
4773
5782
2273
3487
6216
292
4559
3767
4876
6032
5588
3926
6829
8225
5856
2117
436
5650
5667
3150
8469
3881
6740
5770
4786
2955
1598
6619
1692
4259
2443
3202
1174
6718
147
4094
3539
5583
3678
4860
93
6913
4808
2745
3777
1646
1357
63
7450
4014
3467
7611
1573
1215
1137
4011
5684
5997
4476
6440
5766
2656
1499
8452
4282
5515
955
7112
5191
3371
497
5873
4102
6175
6493
7650
2744
1225
247
263
3383
40
4529
5654
1595
6681
5989
6438
2728
4617
4185
6733
778
399
4471
5798
1933
3820
7678
7337
6781
3356
172
6627
3774
3923
1429
3912
4106
7812
4277
67
3268
4832
8003
7961
7293
7878
8456
858
7433
188
6062
4925
6554
6347
8157
4032
3174
3632
1821
6030
6672
4332
1132
3420
4850
817
44
3353
763
4681
8112
6657
3537
2792
6553
6491
5725
4447
259
5013
2291
5645
6710
2753
5664
7700
6629
6193
2138
3431
8167
1154
8182
4897
457
5212
2514
993
2462
1917
5771
7816
5338
6129
4833
8319
5730
3760
766
4716
3372
4429
4162
5414
3560
5204
1395
239
2182
1964
3195
1464
620
3637
7652
5090
3149
2336
7370
6939
4752
7461
6101
185
2035
5441
3734
6922
6659
3885
4485
8195
3549
2159
8102
7122
5801
7811
2704
7957
6855
6813
504
6245
6457
3819
3321
1146
2381
5221
6598
5427
6621
3772
7434
2323
6088
2858
3362
190
1007
5691
5475
2880
894
1680
6877
3663
1271
2110
6807
1166
5807
1942
6947
330
1314
6727
7515
7879
3124
4800
3308
6814
6769
6322
269
6693
4928
4700
6998
6319
5124
752
1592
4371
3998
3733
3172
7184
127
6405
871
6642
6500
4990
5286
4648
8444
5041
6775
2349
3919
5003
2552
3559
2818
7896
7658
5601
5545
3842
4962
2378
3911
4607
6408
3101
7322
4875
575
2142
5952
4870
2432
2250
2921
4718
1840
8296
2094
4350
6402
5971
7030
6055
2726
2786
3665
3580
6818
2541
7060
518
7491
3070
6506
7
6729
8514
5787
270
7980
6997
6467
5863
5215
6738
4480
5759
3254
8066
1239
1750
3765
2317
1786
6456
3276
1180
8450
4934
5959
4745
6597
1345
8255
8348
8186
3927
7647
2569
5956
3017
3481
3706
8161
5497
2143
1108
4440
2703
8279
1707
6320
779
191
2911
6937
4170
2372
3476
500
2166
3394
2524
6236
2227
6144
1342
130
5912
3392
4036
120
7120
631
7672
2499
6955
7665
7819
1274
7246
6048
4484
6801
2765
983
537
1243
291
6104
2060
1162
760
5945
3818
7416
272
1205
5472
4249
8306
5512
1241
3037
3066
1932
7425
3750
6696
2655
1143
1295
1955
4244
3498
8244
5887
7053
5065
5556
4772
4099
2157
6331
3212
2740
5649
192
5162
4475
1236
4098
5603
1231
5241
2111
1594
854
2076
4097
3589
5400
8463
973
360
2659
7313
6176
6452
2879
4349
1497
5424
7679
8037
5947
5421
5034
4902
7996
2988
4217
3778
2870
8517
4376
295
299
6033
2627
6185
3970
3868
2315
8041
1796
1161
7630
507
6626
6669
932
92
6926
3180
5915
6346
7494
6711
265
4317
5550
6987
4515
1757
7508
8201
7734
444
1581
4618
1701
7923
1530
366
3931
2602
6358
2251
3357
2281
326
8059
2015
3867
6699
1893
895
2848
2961
7945
7073
5484
3716
8398
3063
4751
8088
8213
8053
4554
2825
827
2051
3856
890
7391
260
17
1625
4869
7023
956
4107
7790
4023
1953
7264
6591
2414
5929
536
5093
1475
4896
4225
671
7103
7009
1983
1177
5675
5476
7485
1011
345
1823
4336
6335
6671
6973
824
3836
4301
7316
7436
7868
8242
5324
2611
6888
6031
2869
6856
6511
6677
6917
8134
5830
5465
7688
4574
3021
2518
5032
4387
6393
5595
5089
8370
7696
5527
2316
5419
639
3069
7919
1799
1767
5724
3795
907
5615
948
6039
6158
451
7629
1997
7893
2487
320
5720
2664
512
5345
5848
108
4281
4924
7117
4643
3191
175
4916
2350
2482
3982
3004
6713
5617
3569
135
3348
4116
6105
8388
8250
2023
5842
7385
118
2043
7116
204
6472
7021
7056
3217
5881
8115
889
7457
4439
6278
7987
3333
3961
4357
8433
6792
4263
726
4129
2127
7941
5930
1318
8017
7787
2137
5788
6277
2551
5376
3084
1493
3775
2103
5584
7386
3508
4024
731
6197
5091
8252
8002
4110
2928
1245
7368
410
4631
1704
7834
734
6264
5509
8104
1196
4250
7673
150
226
862
2507
4365
5187
4656
707
2841
2556
7918
4280
4144
5934
2970
2878
1443
2587
3138
4283
5662
1951
2850
8481
5980
5383
784
6369
7583
3292
2221
2270
1715
6682
4264
2969
4328
3310
7338
2502
7944
2105
3863
2184
4389
6651
6596
6411
2343
820
2824
6205
3936
7848
7221
3359
4580
5752
5970
572
1843
5486
6118
2173
6395
475
3439
5804
6524
1544
4899
5037
6373
2301
2126
5052
7209
3382
8489
1400
2258
5254
553
4930
3551
2713
1535
1000
4857
6024
5460
3741
8022
8273
5937
2712
184
1926
1710
58
8419
2134
1224
180
4213
5572
1487
7441
4852
5713
5209
4856
4524
5439
7114
4248
1027
427
4626
551
5992
5211
8127
6340
5544
1105
2020
467
7277
628
3739
4913
3525
1633
1310
6850
7452
7815
7578
2341
4960
4082
661
4191
6181
4136
3899
4819
7707
4168
588
1103
591
633
1641
5557
7039
571
1577
2512
5220
3379
6124
7914
2226
3089
2306
6963
3126
7410
1658
8254
8231
3992
3302
253
4842
1301
649
8117
6704
1079
4224
5426
3494
5621
7059
2031
954
2727
7588
5161
3984
7017
3226
2359
6140
1053
3655
6761
1110
3791
6975
2646
4589
1563
2722
1756
2200
2851
476
5233
7226
3562
6387
7841
8300
7259
2678
5908
2050
4042
5846
8382
1393
7692
6310
7591
7610
5397
1545
7723
1117
2788
4338
5808
5814
6414
2816
113
7359
1852
6040
7446
6019
2403
664
4377
6547
1156
3393
6207
7346
7263
2369
4978
6546
1
7029
4148
1145
4069
1533
3743
6167
4804
1506
4949
8494
5975
3482
221
5640
2424
1265
1373
2544
7581
8368
6300
5533
6052
4920
5197
7593
6944
5756
488
8497
1599
8184
747
2039
8050
6996
5346
4246
3588
1237
5781
5628
5548
4562
1376
61
3917
2917
7198
6435
6630
219
1923
2699
4791
6717
4395
4194
4364
4050
4514
4380
7671
225
5395
2687
5249
1569
7303
110
3925
6053
6507
917
8074
7252
6620
7579
391
5122
2146
4782
4547
7906
1063
6188
6566
3564
2973
7143
3769
1831
8502
1339
2494
438
1503
708
454
6098
4391
3076
6426
7516
2141
6206
1973
2563
155
6504
2288
8064
7054
1956
5332
7677
7105
1778
7283
3422
4541
6714
8235
3515
6957
1736
2983
1584
2053
1726
6887
6581
7351
4189
8218
6833
695
3688
957
7000
4457
2399
1109
5709
4055
5981
4936
1612
2598
2962
7144
1490
6540
3980
4060
6392
495
1496
3876
704
1883
2725
8454
926
3185
1660
2047
8416
6762
5223
143
8358
4155
7639
1904
5549
6976
380
205
868
3412
5577
6573
7202
7794
5444
2107
8039
6476
1608
3300
1091
6971
3626
951
4683
6407
885
1404
794
1860
1430
7470
3216
1240
4756
354
3272
1534
7195
3380
317
6752
8150
4891
5500
4386
4325
7963
4383
1617
7528
4993
2683
5385
248
5243
3730
7766
6688
2434
4176
5310
5328
7751
1698
1697
2006
6430
3746
7876
8477
629
6748
3735
8258
5396
4809
638
4672
189
4668
4013
5961
1901
3098
5920
6275
1165
861
7216
4169
2601
4728
7045
1679
2333
1914
4781
5783
2743
5963
1413
3702
1035
5012
3405
6471
3779
4385
7377
201
1602
331
2071
3521
2161
6114
7310
6191
22
5561
8085
2718
7169
1511
2998
6509
4124
1106
5394
2402
5706
1211
723
7553
236
1024
5880
458
6111
7343
7447
6336
2550
7442
483
3410
203
4796
1616
7981
8383
5832
5318
1355
4705
5573
6011
987
1940
372
919
7444
3144
2520
636
7086
1023
3338
1702
1222
7933
4915
2918
2345
7932
4047
999
4894
6532
6958
3081
7612
655
4240
5563
2802
1418
3708
742
6131
6607
4138
5051
1407
682
8111
2467
8449
2996
8082
4729
8267
2773
6314
1696
2501
2867
6663
1644
137
339
8138
7551
1978
3261
4987
298
6611
4526
7084
934
3230
3275
1748
791
4442
1124
4947
2506
7318
2468
2081
549
2526
7354
918
741
482
7168
4234
1934
6608
3253
8148
3169
7189
4190
4503
6895
8323
4227
8056
2954
5445
109
8093
7001
6568
8172
6746
7046
4209
4855
1267
1438
4847
447
1673
5078
2606
6291
6234
3118
1353
4172
4226
8480
6779
513
7813
6924
4167
7928
4532
4764
696
3421
6006
6022
7373
3558
6360
830
7985
8260
4481
378
3857
7152
7403
4053
6765
5755
6842
146
4755
6376
5275
7628
5740
1083
933
3335
1695
4472
7019
3812
6270
4063
7136
3283
4230
7291
2290
1296
2884
7942
2034
4418
6316
1858
1730
5812
3531
2075
1957
6786
234
178
2125
3092
1467
6735
6961
8276
6574
4945
2347
2543
768
532
4708
6512
1140
1558
2597
950
7606
4798
4087
2363
1841
7191
7194
1485
4557
5496
3644
5688
6662
8425
3594
5493
1064
3391
2533
6224
1249
4219
2620
2941
1766
864
2801
7020
5906
3540
965
3517
7747
6902
5455
3341
8007
3123
5225
8401
1720
2368
2757
5156
6268
7634
5489
7345
4712
6872
1019
4009
7435
4450
7082
2719
7063
7818
4824
1989
6846
5232
6285
5159
5668
8280
1321
912
6056
5918
5831
5057
960
1130
7250
4769
6038
6831
5503
6242
7164
8406
7958
7838
125
8441
5009
2292
3745
2199
5072
3784
6977
788
8503
6354
7844
2980
5483
7398
3683
1207
6449
3519
1637
5369
7329
3099
6178
5785
7931
8062
30
8522
2194
6306
106
2615
4438
1086
1422
3650
235
223
815
4022
442
2794
2086
7984
4510
3700
4157
1448
552
5242
5858
7640
3755
2772
7774
8302
1630
7521
5878
941
1818
5024
8204
1259
240
5514
5281
1158
569
2513
7778
8376
543
7219
6034
6864
1123
1811
1797
220
7742
4565
7170
5096
1635
10
3593
5511
242
6027
5174
1306
1286
7623
560
5679
5652
1562
8540
6870
6279
6960
608
3085
5882
5525
4763
3137
740
3601
7419
2109
3762
5516
1789
4966
6108
7902
7475
7895
2080
4413
1328
8448
1850
5428
3854
8249
5746
6259
3322
3865
6745
1699
7509
4841
6878
4981
2041
4312
1409
163
4605
6925
124
8058
1650
2112
7387
3182
4552
4500
4738
7566
6004
7085
5534
7237
6177
4284
6993
7445
5824
6799
4886
4073
8243
6077
1663
6244
5685
6644
7656
8345
653
968
4624
8239
988
2607
5082
6595
304
3964
3376
1261
386
8168
7205
2297
8446
2471
8220
5347
4467
4905
7241
2249
7282
702
927
7140
6911
2108
5042
199
7506
6153
2132
1661
7279
2903
7458
1553
3464
617
8190
4030
7517
3896
5276
621
821
6665
7802
4933
8333
4473
2392
5761
5602
8325
5558
3680
2777
3666
4344
1360
2387
3690
4288
3239
5580
6280
2811
3207
2987
8428
4682
1966
2789
5144
2352
3958
3576
5819
3742
3029
6948
2121
7312
6656
6109
7615
1629
666
610
6686
281
4415
3486
3036
5457
1370
5273
2486
4255
4544
4721
1902
4302
4159
7705
3045
2809
4923
5643
1287
522
6287
4534
6586
7947
7451
1875
3590
5344
3355
5883
6045
6220
182
3117
3714
5733
4113
7568
3556
7840
4187
237
8264
4713
1928
6021
3265
7982
7294
3681
5110
8175
7668
2896
5266
5408
414
3106
340
2991
1639
8321
7317
6816
2208
5282
5479
2410
5129
2622
3995
4664
1217
3604
3449
6668
5750
6703
1200
2572
6951
3043
8474
421
7468
289
5064
5407
1555
1256
2295
1362
2010
6356
433
3959
4994
6025
1401
1104
3166
5513
7722
1013
6561
262
8164
3424
8
7775
1645
2211
487
7817
3280
53
6793
5294
4141
7730
4660
6600
3028
2619
4961
4347
8099
5993
3869
2779
6315
6047
7487
5560
502
1258
1457
832
2177
6950
7247
2649
2263
6484
6329
2294
7307
2504
7832
1181
7464
3105
7833
7780
967
834
913
2147
6276
7371
1387
1151
8532
1746
133
4826
6578
1004
159
6367
7423
2496
4100
5106
4192
1578
7171
3731
2354
6826
1281
940
3761
7504
3505
7570
4292
2307
6938
519
8031
2346
1723
4706
6798
2436
878
1815
1817
6905
7784
361
8362
2222
589
3828
6082
2540
1509
2863
2675
485
3527
8386
4360
373
654
1406
8292
2535
6427
5340
5796
6567
385
6743
2775
6898
72
4688
4005
5077
693
8086
6709
6890
1058
4326
6448
8139
5985
2531
5336
2102
6455
6575
3873
2898
3866
7172
1950
3577
6474
1193
5827
3966
7786
7890
6464
2565
4242
2666
3301
2697
3781
4941
3806
733
7104
6348
2131
1078
2370
6788
3007
2528
2380
7107
1667
2672
730
8524
5995
3949
4296
8380
5467
7997
2814
2859
6982
7966
3326
5928
7422
7091
6652
3474
5002
2710
6523
7759
5222
7257
5008
1892
8210
4489
3051
5658
5990
1874
5904
935
245
7943
2389
400
4443
8384
1403
45
3250
2201
363
3622
5312
6904
1141
7239
7013
5803
4582
1272
2956
4089
6385
369
4734
792
1382
4477
648
643
2083
8415
227
3112
4711
1374
7113
7503
8537
2876
7006
1389
5175
6258
4776
4586
1604
1805
3788
8072
5060
8101
2872
899
7718
228
4295
4845
6028
5689
1284
3606
7285
1764
6528
1038
1218
4707
4223
6763
2
1234
3726
5371
4858
2537
5036
5767
759
5877
5901
3148
2036
452
6397
2688
1363
2421
4214
6481
3154
5236
1169
6406
5721
1250
3670
3807
1398
3738
364
2592
2018
1642
5987
1167
2625
6545
5143
2832
4416
1251
5176
8001
4590
7836
4696
706
3575
1937
5885
5694
7662
5456
5027
2834
4650
1230
2837
479
344
5150
2521
2763
6378
1455
187
1153
3985
7308
3450
3131
7453
6876
7763
7381
6667
6749
7320
65
5069
4128
8526
2247
769
2463
6311
3754
8005
6388
2693
6613
1160
3920
3533
5611
6552
2842
6366
6866
7852
5566
6281
2048
5847
3536
7471
3514
6804
5565
3022
2202
1891
4064
7379
8511
5252
6249
3067
4600
3620
6742
3158
2040
3953
7249
6465
2169
4433
7839
3507
8404
2780
3296
7526
8341
4388
1312
6349
7768
6199
6732
2696
6981
1378
3252
3864
8227
2972
6214
2849
2454
1454
5898
6265
1826
7899
7617
807
3908
5623
1390
7272
5926
717
7534
4078
7002
4882
5299
8418
5464
3642
4563
7935
6159
4038
7058
1800
4575
4459
8143
1761
6707
3933
8125
4604
2085
2554
1432
6304
5874
3877
4139
3698
7560
1054
2124
6954
6107
8230
728
5097
2339
4091
8234
5355
6609
663
7137
5861
6501
3361
1566
8265
7502
4760
3898
6196
3071
6059
246
7014
5683
6930
2529
3027
1383
5224
6995
3887
2747
789
7547
2571
3401
2604
2866
624
403
7160
5820
1655
4419
6399
3010
85
5066
4039
6007
473
1148
439
5194
7744
5850
6519
1114
3810
2400
3631
7603
3667
6823
2073
7207
356
1819
4271
1028
840
5436
5867
3651
5348
8119
2376
7694
6594
1216
1987
3269
6867
8176
6698
2004
3595
7206
3616
2498
6730
7068
1828
3139
3787
1352
7129
6784
670
8011
2272
7290
2915
2274
2707
4927
2426
1547
5933
2820
982
7465
4111
1354
7846
2241
1411
6794
2271
6840
7971
6334
6787
2711
4615
6332
5938
1057
2337
2819
1523
7072
5897
2905
1282
5896
6897
5043
1309
7592
2287
1125
7743
5562
8521
324
5951
7599
8014
4374
129
1459
4029
8021
5494
6588
4483
358
177
5173
7798
104
5498
1458
5450
2964
6420
3270
557
6776
884
7959
6443
3088
8359
1367
3916
202
7620
1572
14
7003
2077
5872
1012
1611
737
2268
6639
7853
4956
1391
1947
4252
6633
5044
1876
8379
7523
4878
4028
6605
8045
319
1624
7229
5391
3834
6235
2328
2008
2505
4942
7814
5637
523
698
3419
6531
1620
4238
2243
2001
4290
1131
4641
2701
7474
711
3053
2975
6859
4239
4627
3318
3018
173
4963
5349
4430
5142
7533
5946
6219
4694
3224
5524
5644
7094
6328
4278
2275
8399
1671
1591
7693
8107
8329
7625
4608
4576
541
4659
2940
546
3846
4243
4840
4131
7788
2698
2639
7626
4658
7953
2152
3173
915
3986
8256
8447
1305
4183
5365
1396
4085
8346
2923
8385
2937
1539
2153
8324
2730
705
7979
7908
3133
2158
3083
7532
6747
4341
3317
6410
835
7245
4495
4817
7801
1179
851
5749
6728
6865
7233
6558
2882
5851
5676
7050
5166
6413
5026
2638
7240
2845
2388
2335
3130
465
847
5792
4742
6932
3944
3686
7439
2320
4251
7540
4733
5703
3910
6612
3360
1176
5473
2847
1420
7785
710
8032
4969
6182
2952
3640
3523
2805
5343
1010
961
3630
5909
6454
5966
2931
7476
52
3438
6827
4410
7396
80
7664
3945
3475
5895
1462
5639
8144
1191
3542
2534
7210
8034
7109
1392
498
3654
1846
437
4274
5942
4645
6338
1813
4412
5139
1067
2296
3848
7607
5661
416
1911
1501
4331
7154
3493
6066
1026
4324
2947
2309
4903
1792
3766
11
4967
7512
953
5505
3108
1093
5210
1463
4366
887
7119
6247
4084
3168
1471
1863
1557
1960
2492
942
6983
5195
4384
564
7288
4327
6874
1837
4825
4306
5687
4748
3107
294
3470
5495
5240
1835
844
808
1005
6447
209
7717
1425
6250
892
8355
7891
5145
852
3844
8408
311
4451
1717
1152
5633
1694
4699
2185
4320
2766
7097
5969
7586
2826
1252
7691
3955
7978
6706
1379
6585
2668
7399
1988
1738
720
7724
5084
5835
6690
8320
2340
5307
4588
3331
1051
6645
7035
2752
2815
8159
4257
7127
4988
2532
6401
2742
4778
556
6803
7948
4974
2093
2461
3503
1453
7166
6768
4470
2027
964
1185
6702
6544
528
8221
8128
5866
7881
4297
4714
8132
645
3800
3242
7256
2610
7670
7555
6882
8156
716
5359
963
5870
5680
7636
1056
6115
261
2056
2936
4179
2011
4465
6755
6487
550
6945
3748
7212
6412
5612
5218
8303
6441
3621
1834
2685
8008
8291
1307
2578
383
8018
4186
4985
1368
6398
4339
8237
1388
2804
2935
3163
2791
5748
2966
8108
179
6274
5190
6892
4393
1678
771
8366
3466
6921
5061
2739
5902
724
660
4446
5167
1068
7904
4434
1649
7393
1414
2348
5168
2078
8073
6593
4122
6918
2881
466
6229
2425
2002
2887
6810
984
2734
8417
6379
1483
5283
4309
5735
4771
669
7796
614
3232
8228
3104
3904
5587
4359
6072
6218
675
5537
8335
2600
1597
6189
7977
3096
7042
561
540
4516
1311
6518
7292
3064
7497
4276
1209
872
5418
3271
2210
1648
2855
5271
7680
4861
2245
7542
3103
8131
8118
3309
1337
343
5765
2976
5967
4003
4203
4567
6160
7882
3311
2525
6548
3571
1976
2456
6741
5063
1963
3221
6764
332
7193
8396
4174
84
1444
6603
3682
8068
5510
8046
390
5350
2797
2591
5790
3441
595
5571
5364
4785
4196
3891
8305
282
577
5387
6610
2705
5818
7531
2999
4693
3462
4501
3432
7654
6880
6480
7732
4275
7808
368
2674
2355
5780
7837
5528
2890
6128
3035
5972
42
5622
1995
4710
978
6695
3889
4606
5813
5358
3736
5852
310
846
3209
6171
3768
287
4265
4854
5554
7684
254
3468
1157
3728
2038
2875
7807
4445
5551
4040
509
7040
419
8207
3472
6912
2390
3210
1253
6100
947
1048
1302
8472
6616
2367
2101
5916
1623
2953
7659
6166
674
5977
3013
5351
3012
1634
6647
8246
6903
3286
6168
7739
2854
2470
7584
7831
3932
425
4865
7859
7649
4074
329
3771
3832
2874
6538
3343
5151
1999
3600
7627
4026
3203
2314
4229
4355
1460
5903
975
665
7513
6648
6936
1807
5007
8277
7214
7761
8233
2608
5284
506
5029
641
5542
2429
2806
494
4955
2950
3370
4370
138
7065
8468
1405
2439
8015
529
3039
2398
2442
6425
6469
8049
5541
66
4043
4313
1601
7323
3977
4823
2720
945
7271
445
7541
3948
635
7062
5250
5591
2239
2231
4975
5648
268
4286
5018
4950
7262
3983
2366
6136
4654
1798
3792
115
6634
3251
6163
6873
3465
8531
6209
5502
6989
2163
213
6404
4906
3025
4931
7358
2172
7130
5422
3658
1494
7022
402
795
3121
753
3258
5109
3479
459
6374
3893
1548
1473
217
2284
7165
3205
5716
26
4592
1551
2021
398
2175
4844
49
4644
7998
1700
307
4542
1050
8126
3164
2438
3219
7131
6400
567
8208
2192
198
8369
3082
8124
1867
4090
3352
8402
4316
1879
5791
5123
7576
2242
2164
3830
4964
5717
5179
5600
5185
4464
6162
7188
244
4001
6377
2933
2440
4318
3122
5768
7382
5121
7032
8270
6297
5107
4691
2236
5020
3845
2839
3871
4201
1721
4678
7858
4743
5786
4622
4076
8133
8372
8356
142
1528
6116
6396
3246
6240
3619
4233
4736
5625
4784
6592
1853
2536
6267
2266
4801
7108
4207
6636
606
8257
6796
7968
3461
4184
3223
4671
3697
1653
1993
563
4150
4236
5943
5919
5237
4432
4479
2721
8484
6571
6260
7492
157
3291
7655
1772
3758
2017
4298
7333
3040
302
4158
1061
1733
6885
1478
4000
4984
8262
4081
8349
7910
5960
7336
5974
264
8165
3886
1452
2908
762
1502
8185
170
1323
801
3339
3181
850
2150
2206
6103
2714
581
1076
426
8012
7132
8513
4145
1036
3171
2114
5772
8534
5809
7296
1784
5891
5014
5728
4070
3315
7227
60
586
1929
3822
5575
5742
5815
986
6093
3883
7088
1491
6767
1954
4977
6330
2762
3330
2395
4482
1072
3967
7099
2784
4611
1781
3918
4932
3649
7826
4587
2062
2974
8326
3584
37
50
3255
3660
7126
2224
7179
337
772
6908
2548
5238
4767
2889
5837
602
5070
1740
979
4329
2661
5859
5308
3837
810
6516
8266
5862
751
3113
3573
3377
1814
4289
3350
7698
8206
3957
6419
4895
1628
5518
7962
5406
7562
7687
2523
2609
593
7613
980
4593
8486
6680
5217
6537
739
374
6990
395
6290
1668
5401
7432
5289
1112
7025
5
4609
6675
8196
6560
4533
3260
5255
2493
2028
7974
8364
6836
6256
3199
712
1619
5466
0
849
5054
144
7851
4407
3799
3960
2092
4881
1445
2582
2546
8094
2029
3506
1974
2393
4940
3951
8116
527
2900
3016
3557
6994
3429
3532
3241
1969
8110
8214
4455
2279
1020
6386
7559
2733
7015
296
5594
4520
4851
1745
2447
107
3340
6881
3288
7315
418
4765
5083
5113
3695
2770
2919
6434
8183
7757
7364
992
501
2716
7238
405
2267
3541
4686
1446
7077
5080
2223
5071
6458
2261
7795
273
6461
4181
5779
1248
3351
736
1588
6601
1364
136
7426
4397
3023
4531
2583
7411
5816
1129
1098
5035
2079
6381
4075
7572
1724
3861
6759
2196
4550
8275
1190
775
4636
1492
959
4910
4396
4165
8373
995
3001
1206
4310
609
7863
6694
3643
6051
7200
4
6772
51
7177
4953
1705
5131
6858
2669
6834
5890
3900
8247
4831
5147
6029
7965
2415
600
7375
6151
31
1348
489
6323
8089
701
1017
2776
4400
1122
4461
4435
3718
1175
2253
3732
7211
7854
4498
6127
925
1832
2324
7862
4602
1041
5570
4454
1377
6828
6442
923
3285
7719
7418
4880
8476
5729
1450
745
6123
5330
1049
1918
5235
7823
7946
7601
7704
132
6756
5499
3325
5379
5899
7622
6350
7618
1975
5843
6468
7994
5216
492
4806
7459
3153
2574
7128
3611
6368
377
435
7335
6106
4260
7437
3347
481
4188
1266
1410
2312
288
6953
2547
5607
2567
2920
811
4726
5626
5477
333
793
7150
3446
7162
7330
1751
7905
6226
7577
2958
4874
7510
3295
3056
5416
123
3776
4973
5795
5079
3973
1845
3710
1172
2228
2465
5449
3516
3152
6050
8081
6087
5094
8334
2857
1498
6150
4208
8523
2963
3578
1513
2264
3047
1264
5931
1662
7518
5108
7907
3277
4892
4452
3668
1096
6661
2637
7269
3544
3796
5913
5170
2358
4689
3011
3147
2652
6527
4305
1754
4051
3773
770
688
8301
8403
3990
7395
2168
7683
3520
3623
8470
3853
4287
152
87
7153
2846
3259
2144
7133
8187
2265
1347
8357
4774
3091
3897
3208
3477
4568
4965
1194
4821
7069
1060
1945
116
5451
7713
2599
2894
408
7081
4603
464
6375
2670
5278
6623
2835
97
8533
460
5905
6572
5822
1735
8353
5448
1084
3833
7178
7185
6078
687
3484
3078
2994
1479
1755
6871
6126
2594
5417
2924
1229
2321
7733
7720
2422
4399
5665
4175
4830
5994
1465
3256
2663
971
6896
6766
389
7697
5311
7089
1133
5098
6439
5707
105
38
2460
3177
4406
98
813
3469
1916
818
4409
6450
1910
6631
2729
2573
3968
5921
4071
2555
2037
8198
7749
5697
1965
1728
2446
5671
2334
6653
7460
350
5609
8539
1631
2844
7242
3266
7376
4525
5657
3155
2759
3000
1737
4561
5674
2723
2255
3633
6091
1327
3413
7590
4976
5260
3674
531
3878
1168
683
8519
3151
2476
212
2530
7616
6778
4010
3460
3145
1428
2091
4261
376
510
584
3500
4027
2000
8374
5292
3610
7543
2252
1872
5574
6044
6302
1614
7047
2104
2651
1399
3328
7571
996
7215
558
1622
8091
3566
735
5228
6272
6370
4072
3042
2681
5335
2319
521
6057
5760
2862
3249
612
1294
8004
216
1115
3387
6345
8413
2174
5530
7638
3417
7253
5624
2148
7480
382
4873
3838
8236
3141
2667
4403
5869
5062
2995
6384
3187
8328
4154
5058
888
8259
6952
5860
2113
6837
3006
4640
393
2160
5352
493
1412
7873
2313
7845
7289
4625
3579
1045
515
5053
2189
4353
3398
7078
2237
3661
6433
3809
6841
534
6237
2901
3448
1238
5438
4908
8434
5888
2423
2156
677
1849
1959
1415
5076
1317
729
2865
2489
1856
1210
7661
4968
4182
6307
7706
565
6604
997
3395
4018
7539
1652
4558
1087
721
886
1783
4828
6489
3656
7973
2300
7804
4679
3282
5568
25
3409
4204
8135
1192
1434
407
3451
5936
1739
5452
6067
2838
6257
8248
384
761
3669
309
35
1100
2760
3890
8411
6628
2990
4517
6016
3954
7483
7389
3501
592
8529
689
4519
8479
2068
3782
1924
7018
3041
6875
4596
8024
6510
6625
5726
6991
6451
462
6760
4649
1546
4417
4538
958
822
2853
158
6618
4783
7300
7721
1647
455
7356
3495
1424
7525
5446
6835
2385
5366
4795
7952
367
5940
5982
4140
585
3337
7297
3935
7412
7993
4392
6013
6139
1439
974
3211
5363
1292
7231
928
2220
3636
1836
4599
5154
2657
4008
7883
82
2957
4601
1816
8121
5666
171
8293
8202
3614
5634
3430
3941
183
6478
1332
8339
499
4342
715
4848
4232
6522
7201
5488
2892
4356
3100
3086
434
5280
5769
8245
7871
8344
8400
6212
3005
1561
699
4757
2654
562
2692
8170
7070
1278
3829
8343
5976
780
3456
4747
6959
845
4216
5722
5731
842
6770
4722
6650
349
7934
6084
4665
283
1742
1536
6700
613
7043
1433
2967
8427
406
3233
6666
1070
3236
7992
1232
4404
8466
5636
7760
1654
4666
5258
4379
1507
7674
5507
2741
6673
7669
1586
6520
6533
3502
306
5315
2799
2748
5927
7490
2888
6942
5074
8394
1693
1732
1565
7327
1640
1275
2420
7357
1435
2864
7478
7641
1512
8455
7921
5148
7378
4952
2302
2417
7414
5487
6015
2823
4321
7496
6862
4270
8391
578
3373
1605
2246
70
5245
3198
785
2119
6296
1952
1227
1082
7101
7511
5659
5263
2458
566
6429
3363
5274
985
8067
2282
906
359
8459
1794
6819
7956
8318
647
1576
491
7157
4639
5608
2913
3294
4373
4661
3751
7843
4206
7894
8217
7681
5552
4218
2665
3407
7940
8442
4839
375
3747
3299
1768
3344
1381
1276
278
3386
7737
5593
7075
1862
1121
3840
1456
4799
2732
5559
7326
8508
7384
1128
7402
6436
7420
713
3723
8338
7456
1046
1610
6208
6641
7258
230
4080
2559
1107
3591
4939
2793
1532
4468
7822
2176
5132
2709
3790
3592
3628
2240
1402
424
856
7689
4164
4426
1308
8030
303
1669
257
2019
4222
3928
6943
1550
3065
5234
4241
6352
6513
2934
2700
3662
7332
5655
6962
5104
5377
1184
1032
3988
1681
6744
4062
7183
4375
8215
1006
7781
5793
1833
4031
2155
5810
2057
463
2557
56
2808
8063
6915
4943
7546
7489
461
4016
5434
2596
1201
548
2233
6498
3231
2821
6914
7477
3176
3780
2049
1126
1521
4268
6113
5180
547
4311
411
8473
7925
2682
764
102
5605
8496
8105
1500
7138
1291
2982
6514
6142
7092
6580
5425
7975
7989
5620
2897
5478
3725
5442
7350
5586
2495
5251
4142
1912
3902
7644
3304
1552
8055
3061
2360
2303
4095
3892
3563
2810
7520
1304
7855
7750
6262
812
2322
5370
5673
2503
6705
2069
605
7514
8435
5199
2754
4254
7529
2989
909
6192
7762
7141
4536
6929
7892
5373
1774
3946
604
4926
7314
6970
2515
197
1189
387
77
5802
8193
6637
5169
2171
4134
7505
1220
6565
6739
316
6145
3418
2365
6390
8289
4487
5773
8006
6771
6282
5480
790
6502
3971
7163
4546
6363
430
211
6570
7392
7278
7877
29
4900
590
2098
286
8226
1524
5910
1618
7388
2485
5546
640
1765
6365
694
594
8314
6428
1970
2827
2308
4904
5206
5826
4424
7349
3976
1895
8322
976
5743
4066
3480
931
3712
2522
1033
7455
392
8371
4584
1065
3026
6289
6674
6010
839
8424
2116
1903
5734
2100
1919
3608
6773
7284
8491
7204
7682
1613
161
6854
4647
1538
7820
214
1690
7366
7917
8407
6967
2922
4105
1675
4444
318
6736
4732
6343
323
6992
5160
57
3685
2344
1014
7235
966
853
7594
5380
2371
3324
804
3789
6499
3293
2860
5949
1760
8137
1986
1776
43
6292
6117
5955
1244
8295
1094
7079
1948
4578
6549
3442
7729
6496
4846
5120
5244
8129
1574
2653
5738
7856
428
5201
2204
7353
5839
7703
2778
6845
1371
2817
6479
2871
2364
2232
5430
2800
4381
1982
656
2932
2260
7699
7424
3528
3802
1313
2205
7244
6002
7360
7939
6534
6974
4983
3703
2478
3729
5669
6589
370
7261
573
6238
3192
6288
8281
8147
5834
3428
6820
2437
1537
836
667
1300
1556
5841
6984
2517
3554
3366
1996
4303
2885
4944
2217
7585
5699
1714
355
64
5158
3860
4556
1514
6972
516
5492
4807
2767
924
6179
5774
5564
2938
6751
3134
8308
672
981
1482
7810
5935
3408
7561
2405
7355
5965
1907
5326
3942
7624
2945
2234
2014
5305
7637
503
2635
4535
4304
5367
8151
8171
8378
5805
2277
4663
7530
2087
6273
1803
2977
2191
3625
99
2408
3281
6102
490
3825
7690
4037
8080
6470
4730
3237
3691
7869
8079
1568
6253
1338
6559
8153
8525
8286
8485
2706
7254
8212
998
7550
3689
8071
8149
8194
5010
1520
39
8054
4049
989
131
3603
7192
1099
4816
7347
3759
1731
644
4812
1040
6409
920
6326
1349
5521
7716
767
5613
8060
47
5381
5705
315
1037
5306
4813
8350
7449
8365
6305
1208
7339
545
2909
6133
1854
2452
1571
3499
7714
2785
1324
4151
2472
3963
597
684
3513
5747
2644
2570
1787
4634
255
3512
7731
3937
1233
4935
1235
4340
1531
6364
3109
7428
690
1866
7874
468
5876
5517
1666
4497
574
200
2645
3855
1242
1516
4986
6486
75
456
7096
2448
4285
8123
5610
4195
3724
5317
4103
5128
3186
2311
3142
1752
3188
1885
7827
744
3906
7507
5630
2690
6227
7727
4667
3184
6089
3978
1260
8163
1991
2198
1729
6309
5048
2636
6327
8392
256
6042
1150
637
7139
855
6283
7182
5386
1173
8130
2830
1877
7280
471
6579
5482
2516
2197
2634
7342
3414
4674
7361
7061
2642
4818
8092
4319
3227
195
4802
3238
4449
4843
4346
4427
5957
3552
2906
1931
611
6263
3561
4720
5099
2310
3245
7380
3093
5991
5988
5696
3024
1943
1319
4369
1968
3463
6184
8113
3049
6299
2464
719
3411
6879
5248
4291
7657
1505
911
1822
3596
21
5261
6847
576
2694
2066
5375
4061
6298
1636
5983
841
6935
19
8495
1384
4805
3530
4766
5325
1682
2329
1394
1441
2658
6173
5944
18
1896
156
5270
5415
119
2621
3785
1898
8010
5264
3671
7967
4637
8397
5532
1847
4998
5879
4093
141
3882
5361
164
4777
1090
7667
3197
8241
1488
7499
4719
6797
5569
4621
3567
796
3756
2140
6495
5526
6678
4959
2895
5178
453
6753
149
3798
7901
7095
1447
2939
3077
7864
3639
6046
8499
5085
5576
3909
803
4657
1809
24
7740
1665
929
5817
443
3974
28
4970
1788
6060
4612
5840
902
7147
4235
2179
7587
5141
1423
5399
2483
5432
2046
2831
2633
6143
6883
3132
3384
5300
5953
484
3991
3453
1848
5246
241
5741
879
773
7829
1575
3641
450
1801
148
2375
2030
1927
8076
7886
7986
4759
4814
718
6726
2673
6266
1638
1882
6978
3434
2617
8387
1567
7797
2394
3749
7448
8278
1164
4754
5025
1329
7849
6023
777
5135
3068
41
4436
869
1886
8315
8174
6261
3329
1081
757
3994
7897
5799
6355
6241
140
5392
8287
8090
1442
6203
6529
6723
5192
2130
4405
4887
7158
2061
632
4620
5372
5718
4323
7498
3003
2338
7708
1059
5508
4717
7362
570
7595
3200
3492
6725
7199
7772
6301
3019
4279
3687
8535
776
5536
4163
7976
4863
1664
2362
4946
1971
6174
7828
3289
3415
8458
5000
6095
5597
365
5522
7755
3546
5374
1944
6542
1326
6223
7228
6901
3349
2433
8453
1138
2235
222
6324
7949
3884
5914
7220
3570
5800
7495
3997
3183
3752
2459
1758
4670
4160
4299
2796
6271
4012
4362
7365
7135
898
4083
1316
3872
4539
7431
432
128
603
5737
874
3764
3052
3646
5581
559
5198
2304
4948
2133
1279
2677
6737
910
2084
4180
8520
1782
4453
3015
3586
1921
3125
5309
4614
5404
6243
4629
8103
1676
5295
826
6061
6092
6003
4462
2781
3399
5138
73
8051
6135
4585
2877
5948
2647
7466
2576
1861
7196
1427
7484
1712
2193
3962
2942
4811
8057
6830
327
7950
36
5265
7090
6382
4591
1579
7867
3647
409
8200
2120
2750
7417
1881
2067
3565
6811
3159
1009
1163
607
6155
5184
8312
4727
2629
6716
7203
379
5893
2886
4684
6488
2756
538
8109
5632
709
1118
7596
6012
2326
8331
238
1155
3965
6202
6802
3400
2873
4506
6795
7467
4509
8409
342
1564
1967
6946
5006
2769
4739
401
3979
3905
5353
1808
8467
2407
3298
3020
4917
2477
3814
3607
619
8527
4877
8430
5257
6805
6020
3757
870
5112
1725
5629
3652
3996
8078
7866
673
6670
3243
544
2965
7911
3135
6541
7619
2731
2829
8410
2575
8432
2293
4307
3129
3264
2278
3880
6852
6112
6720
2695
5287
7026
3843
6394
8106
3497
3058
5723
277
477
4101
5182
5653
4117
3841
8048
2840
2215
1793
1075
2558
2419
4351
1069
922
3228
6303
3518
381
6317
4793
6774
5356
4293
7800
7121
2946
2178
5011
6782
1998
1333
8013
6968
3598
5164
4308
2435
290
2269
3447
71
2413
622
2828
4770
4466
4428
5712
7167
27
3072
90
6754
7248
3922
2356
1139
4363
3167
2289
1214
4951
6812
7791
7223
901
1336
1747
5337
1909
4583
2005
4019
2453
4972
2427
4569
6839
1941
6923
5137
1827
7344
6791
3793
5163
524
4034
2188
3638
990
685
2782
321
301
6563
3115
3365
5327
1590
5672
4135
6064
4425
6195
658
1426
153
7134
48
6658
3895
1195
6660
3858
6599
6154
8268
4004
229
2761
1771
1203
732
1365
3684
3821
6851
1335
2230
7255
6194
5267
7903
4002
7155
1270
5844
7643
5075
7057
348
3385
7598
6884
6712
4382
5183
8367
7110
5619
6949
2771
6120
165
8487
4505
8026
4803
4901
4789
5954
3999
7524
7401
6750
7064
1202
4937
2614
4938
1372
1621
6526
3225
7311
2584
5181
8084
3087
7298
7123
3303
4458
526
2353
62
7675
1043
3847
1775
3485
6503
5641
4345
6415
5693
8098
2391
3874
1651
8451
893
6213
3457
6036
5925
2209
2490
1008
5296
7033
2925
4220
5998
3358
7251
2500
2090
5055
5984
4997
5038
1039
7232
3306
4210
1340
8530
4212
5547
3055
2868
1484
6583
6906
13
8309
7725
1812
8146
700
4676
6076
1074
4502
7369
2684
5342
3934
1515
4957
7440
6075
2181
783
2052
1825
5329
8155
4401
233
1219
4571
8381
2605
7645
7711
1204
6014
8405
5022
7051
1670
4912
8100
5133
7286
139
91
1508
3693
3452
168
7004
1980
6940
1293
7181
3939
5403
5708
267
725
8025
7012
6889
3583
4889
3801
8443
2469
3
4815
1829
243
6269
5663
5398
5604
5229
46
4780
7549
1071
5504
1527
1741
5461
7745
5105
2912
2444
2058
1878
756
3490
7609
2325
1526
1431
3770
7752
6632
2613
555
417
1101
1182
4523
1587
2379
4337
4594
7156
6333
3075
3587
748
2122
5339
7930
2959
1859
3080
4199
1897
6416
2691
8033
2735
6071
7738
6083
7964
3114
5207
3635
7341
5757
34
4314
2106
415
4653
3059
7111
1277
3342
7276
4149
7663
7421
6679
4294
151
3526
5045
8465
2396
6073
2539
3179
8336
2902
1780
5117
7005
5692
3143
6822
3262
972
1888
5681
5892
949
6861
5193
6724
1042
6391
2585
6121
5855
7501
6790
2883
6956
8510
2473
904
4581
6148
4491
5889
686
5031
8016
1674
5059
7758
4437
6490
3127
1029
3279
2162
2475
5950
1844
196
4253
7055
2298
2755
843
3572
4045
5149
6494
4853
6097
5213
6824
1790
4749
412
5321
8285
300
2411
469
8363
3074
1519
69
7870
7222
4077
6172
5973
4885
7567
1865
1890
2632
6254
3657
2151
5368
7563
5670
4488
7648
2595
8179
3402
6037
1021
4108
6525
7909
774
5719
1289
2737
2618
4258
2123
3675
3388
351
5030
7765
3915
1315
7916
5136
668
6821
6649
7792
1656
3602
1111
1375
3095
1221
2510
431
6780
1949
5745
4979
4704
2643
3425
3062
7666
5086
2480
6809
5095
3416
2386
2971
4868
2382
2968
6137
1268
6231
1632
2590
5202
3659
4598
5087
4367
210
5459
3950
2795
6432
4697
1421
3786
1806
3903
8261
1188
8253
3008
7754
297
2095
4017
480
5854
3369
5631
4372
8027
7159
1603
6351
7847
3404
5049
4907
3146
6065
7142
2213
413
3550
5833
2580
8035
5102
4273
7027
4262
8087
3888
100
2749
5253
194
4898
4737
6590
3471
4725
2003
2072
5111
1770
4361
6403
2774
1477
568
8516
7409
6417
3334
335
95
7149
3110
8038
1025
3574
7635
2588
3111
7493
2416
8047
6418
3582
5535
4630
4127
7267
5134
1795
6689
7557
7404
4740
3157
7777
4079
1855
8223
3190
3612
4058
1170
6147
1734
8095
7118
882
5868
8462
2807
346
3811
2183
4092
1116
6556
2186
162
4652
8361
5033
6008
7793
2286
6017
6423
6232
5005
758
4463
6371
6466
250
3234
599
1958
7835
2280
4198
1213
6119
1606
8395
2561
5388
1541
7301
3206
4837
5736
6357
7604
1489
3274
8538
3473
5778
5962
3201
2219
3930
1522
4334
4879
4448
2623
5968
3189
7927
6614
3852
5520
3247
5390
7632
1762
7469
6646
4469
5638
962
3815
6049
1763
1197
4126
5189
1134
5864
4864
7429
2135
446
1385
7527
7558
1144
3753
7102
1288
4673
4504
6187
7554
3989
4499
6934
6437
122
4996
4330
6190
2676
271
1554
20
587
5821
3711
1468
1570
7753
517
2538
1559
6931
2013
4441
4044
7821
5056
4048
5958
5468
6535
2187
1517
6806
8509
5116
5690
4662
1187
2927
7913
1868
1709
6094
4836
3701
5616
1510
5277
1716
7048
5838
554
352
6079
6722
6687
6910
6853
4971
2285
2218
2450
2128
5303
4137
6221
154
5301
6380
857
2327
231
2812
8423
6697
5828
2384
7702
7983
7782
2553
8299
7374
441
5714
5599
8512
7709
3615
3073
3336
5589
3032
5871
7537
2096
4982
754
4390
1851
5323
6313
1408
4178
1325
6353
7106
1113
1263
5754
8515
681
1369
8142
3044
6919
5092
3248
5519
1171
6966
7936
1298
2626
8282
1022
3921
1930
1002
680
809
176
6517
249
4007
4202
582
5656
2624
4919
1791
5405
3894
3433
6817
3929
3694
1199
404
2054
6146
1981
7789
2949
2660
5293
6383
3672
4033
6508
1804
3038
7646
3319
3263
2717
5762
2256
4300
4112
1095
8019
891
921
7319
2914
7041
2065
5698
396
8488
6069
7146
2484
1802
1713
6086
5016
5378
486
7187
4511
2549
618
86
3354
7049
6980
207
3850
4709
800
8393
1003
94
3826
4205
4929
7173
7306
8298
4115
4687
4883
4493
6054
4570
627
4147
206
8070
859
2331
8492
7066
1088
1417
7145
646
6664
3794
3707
6965
7273
8043
2430
7408
7631
1437
3002
8219
134
3599
7556
5389
7865
2449
1743
5470
1600
2451
7071
6635
4348
1913
583
4088
7500
8145
7995
6848
2165
615
8169
944
7321
7660
5932
305
8352
6080
511
525
4761
1609
676
8438
6339
2225
3547
4494
2648
1560
825
7686
4474
8412
2662
3624
3553
6900
3618
1449
3054
4197
952
1356
54
875
388
991
4540
4322
5454
4921
659
7922
6211
7779
1097
5165
1749
6475
4456
4521
3437
542
6868
6685
8052
3972
5297
6543
5298
6894
2145
3316
8229
7912
6222
6431
7522
1351
8464
3313
5269
8351
2195
6988
7270
6569
23
1504
4067
2330
3511
5732
4651
5115
2843
5490
3839
6676
5272
208
1871
7685
679
7803
6899
6149
7954
6584
1476
7938
8209
1580
3014
3720
5047
4829
2861
8154
765
2891
5578
336
3367
5635
4408
8445
5579
2216
3924
232
6018
2262
5316
4572
7805
838
3094
2406
3496
1869
1361
2024
4642
3648
6734
7842
8283
2457
8461
4792
4838
2689
805
6691
7397
1626
5806
2628
5923
4779
1887
5996
4021
7363
4822
7367
3435
7898
4211
1436
3634
5435
505
4723
5606
8471
1540
5333
5290
5614
5268
308
5157
3459
5849
1350
59
224
7074
2318
5285
1246
4035
5384
4247
3214
4775
4378
642
6215
6684
1320
4703
8500
3617
2351
4685
1416
4420
651
3803
4788
2045
5420
7770
3278
873
1880
7880
6156
8205
7712
7213
4478
8542
539
7407
4025
5485
5155
1689
4352
7372
2978
1894
994
78
4695
7093
8294
4690
68
8224
2025
4057
2680
1994
6132
7885
6482
2568
5715
3323
1044
7016
1691
4579
2455
5429
1936
1873
4086
2671
3783
4577
3305
1718
3427
7773
2342
7304
7390
4893
7633
4423
657
5836
4632
8541
3031
55
4177
937
1077
8191
167
2589
1596
6217
3455
508
266
1178
5794
1461
1254
8504
5764
2332
2768
1908
7067
8160
7875
7454
8543
3721
7920
251
7960
7325
312
4123
8136
7463
7573
6692
103
8501
3699
5900
5046
5567
797
1486
2679
4827
275
338
5538
5797
6293
193
1830
4394
2129
4551
3374
5172
6090
2373
5259
5354
1120
2960
3140
5219
900
2586
2948
1946
1322
3483
2412
2136
2099
1615
7479
7715
5362
2751
806
5114
7007
6587
3862
7535
7580
1990
6477
5758
6999
88
1299
1685
2445
6286
5437
6424
514
3196
1481
7305
472
5081
4758
8414
1015
6622
4068
4508
2089
470
2088
6463
4872
7488
3676
8158
3194
6246
5582
3722
3120
7538
7614
7926
3287
1472
5103
4200
1939
7010
3808
76
6985
7400
8122
2564
5188
3907
4692
867
7783
4633
7486
2758
6318
7275
33
7234
3346
3491
8040
1102
4052
3440
8389
83
2981
5753
8475
7999
2803
3345
3478
3030
7394
782
3804
7036
7008
2992
4741
2836
5523
1607
8222
6624
174
3119
2042
2993
4228
7937
7695
5701
8177
5313
2488
8188
7741
8460
1810
2943
1366
1212
4358
7771
3009
6815
7266
4810
7600
8216
916
1838
1018
4512
5205
8009
3204
8211
7281
1900
6530
4834
1820
5458
678
5506
7969
6321
5247
2616
876
1297
5739
881
1147
3627
7309
4522
4133
7552
7872
7151
5618
7190
6505
3161
5196
5999
1627
8199
5677
4114
8120
7260
4911
6577
6068
8251
6284
6
1290
3545
2428
798
7888
3522
7809
3653
4096
1358
5501
786
3529
7889
877
1062
738
7710
5146
4335
2650
3222
5744
3033
7735
3504
8197
3406
6655
1684
5203
8263
6130
5279
3705
8140
7850
5646
7582
8507
4518
5539
5529
4724
4490
5875
7536
3993
7406
1073
6758
5226
703
3875
5314
8440
3947
8284
7564
7405
7038
5978
397
322
623
7383
7340
7776
280
5443
5028
7545
3267
1257
7443
5393
2984
2986
3454
4991
7174
7224
7861
4333
5682
6825
814
6233
2798
101
4890
5647
3813
7602
2822
833
4680
6521
2474
2139
4669
3543
4132
4269
7302
1727
8141
5023
3824
5704
1593
2016
3390
2203
4794
420
6564
3740
5700
7100
596
1419
4918
5462
1001
2374
8493
7605
4790
1359
3436
285
4104
2979
6844
5322
3981
1585
3489
4398
2431
2259
1331
5922
905
4020
1085
5001
7951
5227
4677
3097
2930
4980
6058
3677
1857
3901
6497
2115
4735
2856
2631
4762
2254
5231
6640
6515
8426
3609
3396
6312
6719
3849
5140
6294
4888
626
5118
1529
2170
440
8429
1052
4152
7438
8232
4059
5986
837
8536
8000
4054
4746
2070
848
2207
5775
1984
6863
6228
3975
5015
3704
6000
6372
746
5320
7589
2926
3175
3696
7052
6422
6843
3645
3629
5357
7825
2149
2466
6731